0 1
1 2
2 3
3 4
4 5
5 6
6 7
7 8
8 9
10 11
11 12
12 13
13 14
14 15
15 16
16 17
17 18
18 19
20 21
21 22
22 23
23 24
24 25
25 26
26 27
27 28
28 29
30 31
31 32
32 33
33 34
34 35
35 36
36 37
37 38
38 39
40 41
41 42
42 43
43 44
44 45
45 46
46 47
47 48
48 49
50 51
51 52
52 53
53 54
54 55
55 56
56 57
57 58
58 59
60 61
61 62
62 63
63 64
64 65
65 66
66 67
70 71
71 72
72 73
73 74
74 75
75 76
76 77
77 78
78 79
80 81
81 82
82 83
83 84
84 85
85 86
86 87
87 88
88 89
90 91
91 92
92 93
93 94
94 95
95 96
96 97
97 98
98 99
0 10
10 20
20 30
30 40
40 50
50 60
60 70
70 80
80 90
1 11
11 21
21 31
31 41
41 51
51 61
61 71
71 81
81 91
2 12
12 22
22 32
32 42
42 52
52 62
62 72
72 82
82 92
3 13
13 23
23 33
33 43
43 53
53 63
63 73
73 83
83 93
4 14
14 24
24 34
34 44
44 54
54 64
64 74
74 84
84 94
5 15
15 25
25 35
35 45
45 55
55 65
65 75
75 85
85 95
6 16
16 26
26 36
36 46
46 56
56 66
66 76
76 86
86 96
7 17
17 27
27 37
37 47
47 57
57 67
67 77
77 87
87 97
8 18
18 28
28 38
38 48
48 58
58 68
68 78
78 88
88 98
9 19
19 29
29 39
39 49
49 59
59 69
69 79
79 89
89 99

90 190
80 180
70 170
60 160
50 150
40 140
30 130
20 120
10 110
0 100



100 110
101 120
102 130
103 140
104 150
105 160
106 170
107 180
108 190
110 111
111 112
112 113
113 114
114 115
115 116
116 117
117 118
118 119
120 121
121 122
122 123
123 124
124 125
125 126
126 127
127 128
128 129
130 131
131 132
132 133
133 134
134 135
135 136
136 137
137 138
138 139
140 141
141 142
142 143
143 144
144 145
145 146
146 147
147 148
148 149
150 151
151 152
152 153
153 154
154 155
155 156
156 157
157 158
158 159
160 161
161 162
162 163
163 164
164 165
165 166
166 167
170 171
171 172
172 173
173 174
174 175
175 176
176 177
177 178
178 179
180 181
181 182
182 183
183 184
184 185
185 186
186 187
187 188
188 189
190 191
191 192
192 193
193 194
194 195
195 196
196 197
197 198
198 199
100 110
110 120
120 130
130 140
140 150
150 160
160 170
170 180
180 190
101 111
111 121
121 131
131 141
141 151
151 161
161 171
171 181
181 191
102 112
112 122
122 132
132 142
142 152
152 162
162 172
172 182
182 192
103 113
113 123
123 133
133 143
143 153
153 163
163 173
173 183
183 193
104 114
114 124
124 134
134 144
144 154
154 164
164 174
174 184
184 194
105 115
115 125
125 135
135 145
145 155
155 165
165 175
175 185
185 195
106 116
116 126
126 136
136 146
146 156
156 166
166 176
176 186
186 196
107 117
117 127
127 137
137 147
147 157
157 167
167 177
177 187
187 197
108 118
118 128
128 138
138 148
148 158
158 168
168 178
178 188
188 198
109 119
119 129
129 139
139 149
149 159
159 169
169 179
179 189
189 199

199 200
189 201
179 202
169 203
159 204
149 205
139 206
129 207
119 208
109 209

200 210
201 220
202 230
203 240
204 250
210 211
211 212
212 213
213 214
214 215
215 216
216 217
217 218
218 219
220 221
221 222
222 223
223 224
224 225
225 226
226 227
227 228
228 229
230 231
231 232
232 233
233 234
234 235
235 236
236 237
237 238
238 239
240 241
241 242
242 243
243 244
244 245
245 246
246 247
247 248
248 249
250 251
251 252
252 253
253 254
254 255
201 211
211 221
221 231
231 241
241 251
202 212
212 222
222 232
232 242
242 252
203 213
213 223
223 233
233 243
243 253
204 214
214 224
224 234
234 244
244 254
205 215
215 225
225 235
235 245
245 255
206 216
216 226
226 236
236 246
207 217
217 227
227 237
237 247
208 218
218 228
228 238
238 248
209 219
219 229
229 239
239 249